/**:
  ros__parameters:
    map_origin:
      latitude: 35.309782007491165
      longitude: 140.9244858368143
      elevation: 0.0
      roll: 0.0
      pitch: 0.0
      yaw: 0.0
